62 52 1 1 0
59 41 -1 1 0
39 50 -1 1 0
62 50 -1 1 0
62 47 -1 1 0
6 66 -1 1 0
26 92 1 1 0
60 40 1 1 0
39 49 -1 1 0
41 43 1 1 0
38 51 -1 1 0
63 51 1 1 0
39 49 1 1 0
40 45 -1 1 0
63 52 1 1 0
60 43 1 1 0
62 51 1 1 1
56 36 -1 1 0
64 53 1 1 1
42 59 1 1 1
42 60 1 1 0
42 41 -1 1 1
52 62 -1 2 1
57 36 -1 2 0
49 62 -1 2 0
50 63 -1 2 0
52 67 -1 2 0
49 63 -1 2 0
52 63 -1 2 0
50 62 -1 2 0
43 65 1 2 1
43 64 1 2 0
42 64 1 2 0
42 65 1 2 0
44 65 1 2 0
49 37 -1 2 0
48 37 -1 2 0
48 38 -1 2 0
45 39 -1 2 0
61 43 -1 2 0
48 63 -1 2 0
51 38 1 2 0
57 39 1 2 0
65 54 1 2 0
64 56 1 2 0
62 57 1 2 0
43 61 1 2 0
43 62 1 2 0
42 61 1 2 0
40 58 1 2 0
39 59 1 2 0
38 56 1 2 0
62 56 -1 3 0
48 62 -1 3 0
40 45 -1 3 0
49 62 -1 3 0
57 61 -1 3 0
61 56 -1 3 0
58 61 -1 3 0
62 46 -1 3 0
48 39 -1 3 0
55 39 -1 3 0
52 38 -1 3 0
61 45 1  3 0
54 39 1  3 0
39 51 1  3 0
63 51 1  3 0
52 39 1  3 0
50 62 1  3 0
53 38 1  3 0
62 49 1  3 0
49 63 1  3 0
49 62 1  3 0
63 49 1  3 0
40 56 1  3 0
51 39 1  3 0
61 44 1  3 0
39 55 1  3 0
63 48 1  3 0
63 47 1  3 0
47 62 1  3 0
48 63 1  3 0
56 61 1  3 0
57 61 1  3 0
60 58 1  3 0
54 38 1  3 0
63 53 1  3 0
38 50 1  3 0
39 47 1  3 0
62 48 1  3 0
63 50 1  3 0
